Instance Path: ../Instances/Instance50.txt
Status: Optimal
Objective Value: 15.0
Bin 5: [(0, 196), (5, 177)]
Bin 3: [(1, 193), (3, 188)]
Bin 9: [(2, 191), (9, 148)]
Bin 8: [(4, 187), (8, 157)]
Bin 11: [(6, 171), (11, 128)]
Bin 10: [(7, 171), (10, 141)]
Bin 34: [(12, 124), (32, 52), (34, 48)]
Bin 24: [(13, 121), (23, 77), (24, 77)]
Bin 26: [(14, 120), (25, 76), (26, 70)]
Bin 22: [(15, 109), (20, 90), (22, 83)]
Bin 30: [(16, 107), (28, 63), (30, 59)]
Bin 21: [(17, 104), (19, 94), (21, 83)]
Bin 29: [(18, 98), (27, 64), (29, 61)]
Bin 37: [(31, 55), (33, 50), (35, 47), (36, 44), (37, 44)]
Bin 49: [(38, 30), (39, 27), (40, 27), (41, 27), (42, 21), (43, 14), (44, 14), (45, 13), (46, 9), (47, 8), (48, 8), (49, 3)]
Solving time: 1.6493664